Close Contact Upload file 

100 : 000088 000095 000030 000081 000071 000050 000029 000013 000097 000032 000085 000065 000017 000092 000001 000033 000002 000072 000075 000090 000056 000061 000025 000067 000037 000038 000015 000009 000055 000051 000087 000031 000019 000004 000052 000043 000026 000000 000083 000057 000039 000005 000014 000041 000058 000011 000003 000074 000035 000008 000047 000098 000076 000059 000012 000060 000049 000044 000077 000099 000082 000020 000068 000089 000018 000045 000046 000066 000079 000091 000021 000062 000069 000093 000036 000042 000040 000073 000028 000054 000034 000016 000086 000007 000006 000022 000070 000010 000078 000024 000064 000048 000023 000080 000096 000053 000084 000027 000094 000063
100 : 000039 000080 000026 000088 000052 000019 000000 000095 000074 000067 000057 000025 000078 000099 000068 000090 000037 000003 000018 000061 000030 000046 000015 000063 000014 000031 000056 000084 000091 000008 000036 000009 000022 000023 000050 000081 000020 000092 000071 000094 000087 000038 000064 000082 000069 000044 000051 000075 000021 000054 000016 000047 000011 000043 000029 000032 000024 000013 000066 000028 000060 000076 000077 000027 000002 000058 000055 000093 000035 000089 000073 000083 000004 000001 000045 000097 000017 000098 000010 000006 000049 000096 000033 000053 000072 000079 000086 000040 000059 000070 000012 000042 000085 000034 000007 000005 000062 000048 000065 000041
100 : 000002 000012 000055 000020 000000 000073 000086 000027 000071 000038 000068 000033 000030 000014 000065 000021 000085 000039 000008 000037 000057 000026 000015 000010 000096 000045 000004 000016 000094 000087 000088 000036 000040 000054 000041 000001 000084 000006 000043 000053 000003 000092 000099 000056 000034 000022 000080 000081 000013 000076 000051 000019 000011 000066 000063 000097 000025 000090 000018 000078 000048 000061 000042 000047 000046 000083 000017 000095 000031 000052 000035 000023 000079 000058 000082 000070 000050 000049 000032 000077 000007 000059 000091 000060 000089 000009 000062 000074 000044 000072 000028 000064 000093 000075 000024 000069 000029 000098 000067 000005
100 : 000091 000030 000071 000098 000016 000061 000074 000027 000046 000035 000045 000049 000010 000020 000013 000003 000088 000018 000082 000085 000006 000063 000073 000090 000072 000054 000005 000064 000068 000062 000044 000075 000043 000004 000036 000002 000084 000067 000078 000050 000080 000058 000093 000099 000070 000060 000053 000015 000065 000040 000041 000023 000048 000087 000092 000034 000000 000008 000079 000042 000021 000026 000077 000024 000096 000047 000033 000037 000057 000012 000031 000009 000019 000051 000089 000011 000038 000081 000094 000069 000017 000014 000056 000095 000052 000039 000055 000029 000059 000076 000032 000007 000086 000097 000066 000025 000001 000028 000022 000083
100 : 000087 000070 000099 000027 000031 000058 000052 000034 000074 000053 000077 000071 000092 000017 000080 000075 000066 000011 000035 000020 000084 000048 000062 000090 000098 000079 000085 000005 000039 000073 000060 000000 000014 000002 000093 000015 000055 000050 000094 000023 000063 000076 000007 000018 000032 000044 000097 000040 000069 000019 000081 000047 000089 000024 000095 000006 000061 000072 000091 000030 000012 000067 000086 000078 000013 000046 000054 000028 000043 000049 000059 000009 000041 000036 000025 000037 000033 000003 000004 000008 000038 000001 000065 000082 000045 000042 000010 000026 000021 000016 000083 000056 000051 000057 000068 000022 000064 000029 000096 000088
100 : 000074 000030 000034 000043 000072 000083 000029 000079 000055 000015 000086 000006 000057 000033 000010 000023 000060 000002 000054 000071 000027 000049 000031 000012 000038 000096 000059 000063 000051 000099 000024 000053 000069 000077 000028 000070 000088 000095 000066 000019 000003 000000 000022 000039 000007 000065 000090 000058 000050 000092 000085 000064 000061 000075 000042 000017 000018 000041 000035 000081 000078 000098 000026 000004 000056 000076 000067 000009 000068 000046 000044 000091 000080 000097 000013 000025 000014 000082 000047 000001 000037 000016 000045 000008 000040 000094 000062 000084 000005 000032 000073 000089 000021 000036 000052 000048 000093 000087 000011 000020
100 : 000007 000092 000051 000030 000031 000005 000064 000012 000076 000047 000074 000054 000028 000079 000040 000082 000034 000073 000025 000062 000090 000050 000070 000086 000039 000015 000020 000091 000029 000017 000036 000027 000037 000035 000002 000048 000011 000099 000058 000056 000044 000094 000089 000071 000087 000009 000084 000049 000081 000068 000095 000088 000032 000075 000083 000041 000055 000069 000016 000065 000060 000097 000085 000033 000018 000061 000004 000006 000026 000000 000053 000072 000063 000022 000003 000078 000008 000042 000067 000019 000098 000043 000013 000052 000024 000046 000077 000045 000038 000014 000093 000010 000066 000057 000023 000021 000096 000001 000080 000059
100 : 000058 000018 000027 000061 000028 000017 000089 000049 000077 000046 000039 000069 000086 000042 000032 000075 000062 000019 000005 000015 000025 000093 000026 000082 000070 000065 000091 000081 000012 000092 000021 000067 000033 000053 000004 000030 000000 000013 000064 000016 000057 000043 000068 000014 000063 000044 000020 000038 000072 000037 000097 000074 000048 000090 000034 000031 000096 000051 000002 000094 000099 000080 000083 000041 000024 000052 000084 000022 000056 000073 000001 000095 000078 000055 000009 000088 000006 000047 000071 000007 000010 000098 000045 000003 000059 000087 000035 000023 000066 000050 000060 000054 000008 000076 000036 000029 000040 000085 000011 000079
100 : 000012 000066 000083 000040 000043 000036 000006 000097 000071 000008 000092 000089 000007 000000 000095 000032 000016 000098 000065 000076 000035 000033 000073 000069 000058 000067 000005 000085 000087 000026 000034 000023 000024 000015 000090 000051 000010 000014 000052 000031 000027 000037 000029 000018 000003 000081 000074 000039 000086 000064 000030 000048 000080 000047 000094 000054 000049 000009 000070 000046 000021 000025 000004 000082 000072 000020 000078 000096 000068 000042 000077 000011 000079 000075 000057 000013 000059 000044 000093 000060 000091 000063 000056 000045 000062 000041 000055 000088 000002 000019 000053 000050 000084 000001 000022 000028 000038 000099 000017 000061
100 : 000064 000085 000040 000079 000041 000017 000096 000054 000035 000046 000088 000091 000067 000023 000004 000056 000061 000000 000078 000042 000058 000066 000068 000071 000059 000065 000053 000031 000074 000099 000062 000082 000033 000027 000005 000018 000052 000089 000086 000002 000009 000083 000036 000081 000014 000029 000060 000080 000087 000050 000037 000049 000011 000034 000028 000044 000026 000073 000045 000095 000024 000075 000063 000072 000039 000093 000016 000094 000090 000012 000032 000013 000010 000047 000057 000084 000001 000097 000015 000077 000008 000048 000092 000025 000021 000003 000076 000069 000070 000022 000043 000098 000055 000019 000030 000051 000007 000020 000006 000038
100 : 000084 000075 000037 000004 000044 000076 000095 000061 000041 000069 000003 000099 000067 000047 000071 000018 000019 000057 000038 000031 000080 000098 000072 000074 000058 000089 000005 000033 000023 000050 000020 000088 000006 000002 000094 000032 000007 000021 000049 000086 000054 000060 000046 000028 000016 000042 000000 000081 000039 000053 000079 000078 000025 000059 000087 000008 000014 000065 000064 000036 000068 000043 000001 000063 000030 000085 000017 000009 000052 000090 000010 000026 000024 000073 000045 000082 000015 000093 000066 000029 000097 000034 000040 000083 000070 000056 000092 000091 000048 000051 000077 000011 000062 000013 000012 000055 000035 000022 000027 000096
100 : 000037 000084 000011 000002 000078 000065 000059 000099 000012 000079 000036 000086 000051 000067 000013 000093 000056 000082 000018 000073 000007 000034 000027 000001 000008 000028 000083 000020 000095 000009 000045 000096 000019 000030 000070 000044 000081 000024 000075 000046 000048 000005 000076 000042 000010 000041 000057 000023 000077 000054 000038 000071 000032 000017 000066 000091 000043 000050 000058 000040 000088 000014 000000 000072 000063 000006 000016 000087 000080 000061 000074 000069 000029 000053 000090 000015 000031 000003 000004 000060 000097 000035 000098 000021 000047 000025 000026 000068 000064 000089 000033 000039 000092 000055 000022 000085 000094 000049 000052 000062
100 : 000055 000089 000097 000052 000019 000005 000002 000017 000075 000077 000056 000020 000034 000010 000074 000042 000090 000009 000082 000049 000035 000033 000087 000031 000066 000060 000044 000086 000024 000091 000072 000014 000073 000011 000015 000078 000053 000058 000099 000096 000065 000081 000050 000000 000063 000069 000003 000038 000085 000062 000022 000093 000071 000012 000046 000067 000023 000018 000030 000025 000070 000054 000095 000051 000059 000037 000080 000028 000079 000039 000088 000076 000057 000021 000007 000026 000040 000048 000032 000068 000094 000061 000098 000092 000043 000013 000029 000036 000006 000041 000047 000001 000045 000008 000016 000027 000004 000064 000083 000084
100 : 000086 000036 000035 000059 000079 000023 000065 000015 000038 000011 000049 000082 000006 000014 000046 000060 000055 000062 000057 000008 000047 000043 000067 000009 000028 000029 000073 000044 000025 000083 000024 000039 000081 000041 000069 000096 000013 000032 000095 000076 000061 000058 000080 000071 000068 000077 000066 000075 000010 000051 000034 000016 000018 000064 000094 000090 000074 000078 000030 000031 000099 000000 000070 000037 000005 000089 000019 000052 000091 000048 000093 000063 000001 000098 000085 000026 000084 000004 000045 000002 000027 000072 000020 000017 000054 000087 000007 000097 000050 000092 000042 000033 000040 000088 000056 000053 000003 000022 000021 000012
100 : 000084 000079 000027 000032 000013 000041 000065 000070 000091 000069 000007 000024 000049 000067 000045 000031 000089 000046 000080 000028 000057 000098 000076 000018 000025 000095 000052 000074 000055 000006 000005 000097 000066 000038 000003 000040 000037 000020 000017 000099 000085 000064 000043 000051 000035 000086 000015 000036 000010 000090 000062 000033 000004 000078 000056 000034 000063 000000 000073 000068 000016 000083 000077 000096 000019 000044 000050 000088 000061 000058 000011 000094 000002 000081 000014 000042 000048 000009 000047 000022 000008 000082 000087 000092 000093 000030 000023 000054 000053 000029 000012 000072 000026 000039 000021 000060 000059 000001 000075 000071
100 : 000091 000075 000008 000051 000065 000060 000068 000027 000080 000033 000079 000092 000084 000049 000086 000021 000032 000036 000072 000014 000076 000078 000062 000089 000059 000082 000018 000064 000047 000050 000070 000015 000000 000097 000006 000096 000039 000094 000002 000054 000038 000093 000045 000013 000058 000048 000041 000010 000074 000052 000003 000031 000055 000067 000026 000007 000090 000009 000005 000042 000017 000099 000069 000022 000085 000016 000043 000011 000083 000019 000095 000073 000034 000025 000046 000081 000035 000040 000066 000004 000077 000088 000030 000024 000029 000098 000071 000056 000001 000023 000053 000044 000028 000087 000063 000012 000037 000061 000057 000020
100 : 000053 000025 000090 000002 000023 000048 000097 000021 000049 000075 000029 000089 000028 000000 000064 000039 000062 000077 000085 000055 000001 000094 000010 000047 000056 000033 000014 000022 000086 000009 000099 000060 000083 000098 000071 000091 000017 000019 000044 000057 000003 000040 000063 000068 000054 000046 000018 000096 000072 000073 000081 000006 000087 000024 000095 000052 000034 000035 000012 000016 000065 000045 000088 000008 000036 000051 000070 000032 000004 000041 000031 000037 000084 000074 000078 000013 000030 000050 000061 000058 000015 000069 000092 000059 000026 000042 000027 000079 000067 000080 000011 000005 000093 000020 000007 000038 000082 000066 000076 000043
100 : 000029 000027 000096 000007 000061 000016 000018 000073 000070 000046 000035 000098 000071 000083 000026 000092 000094 000005 000015 000002 000060 000085 000034 000004 000047 000013 000014 000043 000089 000097 000082 000052 000009 000088 000067 000012 000041 000024 000099 000017 000056 000023 000091 000057 000038 000000 000039 000042 000037 000020 000053 000030 000090 000058 000021 000055 000010 000086 000076 000095 000025 000066 000064 000078 000054 000069 000084 000063 000006 000028 000077 000087 000049 000081 000019 000072 000003 000033 000045 000022 000065 000032 000093 000075 000062 000051 000011 000008 000050 000044 000074 000080 000059 000036 000079 000068 000040 000048 000031 000001
100 : 000017 000096 000098 000061 000008 000053 000099 000073 000047 000092 000083 000063 000094 000005 000016 000075 000039 000044 000020 000025 000028 000041 000048 000030 000034 000091 000042 000070 000023 000081 000069 000052 000007 000058 000029 000001 000085 000064 000054 000077 000013 000021 000076 000086 000026 000022 000027 000019 000036 000089 000090 000080 000060 000049 000003 000082 000037 000074 000031 000018 000046 000015 000078 000071 000065 000062 000009 000024 000002 000093 000006 000056 000095 000084 000097 000057 000067 000035 000000 000087 000012 000010 000059 000040 000072 000014 000066 000038 000088 000011 000068 000033 000032 000045 000079 000043 000055 000050 000004 000051
100 : 000005 000002 000088 000014 000058 000024 000017 000045 000018 000046 000034 000091 000027 000073 000095 000051 000012 000081 000013 000086 000021 000085 000066 000090 000053 000075 000087 000028 000097 000065 000096 000043 000039 000001 000079 000033 000022 000035 000072 000049 000084 000056 000032 000080 000031 000063 000078 000042 000093 000041 000016 000089 000074 000060 000010 000040 000007 000099 000098 000094 000025 000004 000057 000071 000062 000069 000076 000015 000011 000006 000000 000050 000038 000029 000052 000082 000026 000068 000083 000003 000064 000008 000023 000067 000037 000061 000019 000059 000044 000020 000054 000036 000048 000092 000055 000070 000030 000047 000077 000009
100 : 000050 000033 000043 000039 000088 000056 000094 000031 000016 000023 000077 000055 000066 000059 000015 000002 000086 000071 000030 000038 000085 000048 000036 000008 000065 000018 000019 000068 000081 000080 000089 000057 000026 000011 000099 000054 000010 000092 000053 000028 000029 000020 000024 000096 000064 000025 000090 000021 000003 000070 000000 000045 000058 000072 000076 000078 000046 000022 000012 000083 000017 000062 000037 000001 000069 000095 000098 000042 000005 000075 000084 000060 000067 000051 000013 000004 000049 000061 000063 000082 000087 000006 000035 000047 000027 000097 000007 000041 000093 000014 000032 000034 000040 000009 000079 000074 000052 000044 000091 000073
100 : 000005 000068 000096 000078 000072 000048 000018 000097 000001 000041 000059 000014 000027 000007 000055 000004 000085 000046 000094 000021 000040 000099 000024 000061 000022 000076 000002 000062 000044 000030 000095 000019 000011 000053 000065 000023 000000 000069 000038 000083 000090 000028 000071 000017 000016 000075 000080 000008 000020 000039 000031 000049 000074 000009 000006 000098 000045 000066 000037 000013 000081 000067 000086 000033 000025 000029 000032 000056 000060 000092 000091 000084 000073 000063 000057 000093 000047 000026 000012 000058 000034 000088 000077 000052 000010 000051 000082 000042 000050 000003 000070 000079 000087 000015 000035 000036 000054 000089 000043 000064
100 : 000001 000036 000043 000044 000088 000059 000018 000087 000039 000040 000066 000091 000033 000076 000000 000081 000010 000024 000055 000080 000085 000061 000093 000031 000071 000094 000050 000023 000009 000004 000079 000048 000090 000005 000068 000095 000025 000054 000026 000052 000083 000057 000034 000015 000003 000049 000022 000064 000042 000074 000097 000047 000016 000058 000021 000006 000082 000011 000089 000065 000072 000007 000078 000062 000037 000060 000020 000013 000027 000008 000038 000051 000086 000056 000017 000070 000075 000045 000014 000030 000092 000067 000046 000084 000035 000099 000019 000096 000032 000073 000053 000029 000002 000063 000028 000077 000041 000069 000012 000098
100 : 000029 000030 000019 000055 000077 000040 000023 000052 000072 000054 000051 000050 000066 000073 000056 000063 000031 000021 000081 000017 000028 000036 000061 000091 000007 000085 000027 000057 000004 000015 000002 000005 000042 000039 000034 000014 000016 000047 000087 000094 000064 000049 000088 000084 000079 000013 000033 000022 000045 000020 000098 000068 000080 000053 000041 000075 000097 000010 000089 000008 000078 000082 000058 000065 000086 000060 000044 000026 000067 000090 000092 000046 000083 000076 000048 000070 000011 000043 000037 000062 000069 000035 000093 000009 000095 000018 000006 000096 000001 000003 000032 000025 000099 000000 000071 000038 000012 000074 000024 000059
100 : 000088 000046 000082 000029 000067 000034 000062 000072 000053 000075 000038 000085 000094 000068 000066 000064 000095 000004 000043 000059 000052 000047 000074 000071 000002 000022 000030 000098 000024 000096 000017 000089 000057 000083 000013 000033 000070 000055 000019 000076 000063 000018 000041 000010 000051 000061 000035 000093 000014 000020 000050 000090 000081 000087 000008 000040 000049 000001 000007 000006 000037 000086 000031 000009 000000 000021 000048 000073 000026 000039 000025 000058 000011 000065 000045 000044 000097 000027 000069 000060 000084 000005 000099 000003 000054 000032 000023 000015 000036 000080 000012 000042 000077 000092 000056 000028 000078 000079 000016 000091
100 : 000042 000006 000031 000005 000040 000027 000081 000053 000036 000095 000017 000050 000060 000047 000065 000029 000021 000052 000092 000058 000008 000001 000097 000035 000009 000064 000085 000022 000057 000034 000094 000068 000087 000012 000032 000023 000090 000063 000072 000030 000069 000078 000039 000016 000048 000011 000055 000071 000041 000066 000077 000099 000086 000013 000024 000000 000091 000084 000026 000083 000028 000073 000044 000070 000061 000045 000067 000007 000043 000056 000059 000020 000033 000046 000098 000079 000004 000002 000014 000076 000062 000051 000089 000038 000037 000093 000082 000088 000025 000019 000054 000003 000015 000010 000074 000096 000018 000049 000080 000075
100 : 000089 000063 000015 000094 000082 000084 000079 000000 000036 000048 000071 000096 000043 000051 000080 000050 000077 000005 000081 000038 000025 000008 000060 000020 000087 000042 000099 000045 000054 000092 000044 000070 000069 000075 000021 000093 000039 000010 000049 000014 000085 000033 000057 000024 000018 000066 000013 000052 000056 000032 000027 000047 000001 000055 000035 000003 000058 000068 000090 000016 000064 000076 000053 000065 000074 000041 000019 000091 000067 000017 000009 000097 000006 000073 000011 000030 000086 000002 000028 000029 000034 000037 000026 000040 000098 000088 000046 000012 000007 000023 000004 000078 000062 000022 000072 000095 000031 000083 000059 000061
100 : 000092 000037 000086 000059 000030 000022 000095 000080 000061 000050 000048 000003 000074 000073 000016 000008 000041 000078 000066 000010 000029 000056 000065 000035 000043 000000 000051 000033 000027 000049 000031 000001 000088 000023 000047 000042 000067 000034 000070 000028 000071 000038 000036 000025 000006 000089 000013 000055 000085 000002 000057 000079 000039 000053 000069 000093 000075 000026 000021 000011 000084 000082 000068 000019 000024 000099 000005 000076 000072 000014 000032 000077 000083 000097 000091 000045 000063 000064 000007 000017 000098 000052 000015 000012 000040 000044 000087 000004 000046 000090 000094 000020 000096 000018 000054 000062 000060 000058 000009 000081
100 : 000091 000037 000031 000064 000002 000084 000079 000039 000052 000014 000057 000027 000017 000067 000022 000094 000009 000088 000043 000026 000004 000087 000010 000061 000000 000040 000077 000060 000005 000023 000098 000028 000083 000074 000062 000042 000024 000046 000041 000021 000033 000001 000092 000030 000036 000045 000090 000099 000029 000070 000076 000006 000019 000069 000053 000018 000016 000089 000035 000044 000058 000015 000068 000038 000080 000075 000032 000066 000055 000086 000020 000013 000034 000082 000048 000056 000054 000072 000097 000065 000051 000078 000008 000071 000095 000096 000085 000049 000012 000047 000059 000003 000093 000081 000050 000025 000073 000063 000011 000007
100 : 000010 000092 000098 000025 000020 000096 000074 000086 000060 000044 000039 000067 000015 000078 000019 000036 000001 000082 000032 000065 000075 000080 000008 000012 000056 000035 000028 000037 000089 000062 000097 000051 000005 000023 000073 000043 000091 000053 000070 000011 000027 000002 000069 000047 000003 000093 000084 000094 000038 000061 000000 000088 000026 000004 000076 000072 000048 000049 000058 000064 000022 000071 000034 000014 000042 000085 000054 000041 000090 000009 000095 000081 000017 000024 000013 000068 000029 000006 000045 000046 000055 000057 000077 000099 000083 000021 000079 000059 000031 000066 000050 000040 000087 000007 000030 000016 000063 000052 000033 000018
100 : 000047 000080 000037 000023 000090 000051 000087 000011 000006 000030 000034 000050 000005 000058 000054 000032 000079 000028 000056 000007 000003 000025 000086 000004 000061 000084 000016 000070 000010 000014 000027 000042 000008 000083 000038 000001 000012 000045 000085 000043 000024 000052 000029 000093 000000 000092 000031 000009 000060 000019 000018 000017 000026 000064 000044 000072 000063 000021 000057 000073 000046 000020 000099 000055 000033 000098 000075 000067 000022 000078 000095 000049 000074 000035 000065 000040 000097 000062 000069 000015 000091 000041 000013 000068 000076 000077 000094 000066 000071 000053 000039 000089 000082 000059 000048 000088 000096 000036 000081 000002
100 : 000069 000011 000004 000053 000097 000086 000071 000065 000047 000082 000059 000008 000034 000000 000096 000024 000095 000074 000080 000009 000019 000007 000066 000018 000036 000032 000067 000026 000063 000049 000038 000043 000055 000012 000002 000075 000060 000046 000005 000023 000006 000062 000078 000057 000033 000048 000058 000068 000076 000081 000015 000037 000094 000090 000051 000072 000003 000091 000014 000045 000073 000084 000056 000077 000064 000039 000017 000089 000070 000052 000022 000035 000087 000028 000001 000042 000029 000016 000061 000054 000098 000092 000093 000031 000027 000099 000021 000010 000020 000079 000088 000040 000030 000044 000013 000083 000041 000085 000050 000025
100 : 000017 000026 000082 000093 000074 000057 000040 000073 000019 000018 000077 000046 000045 000053 000030 000099 000075 000043 000083 000023 000001 000034 000032 000036 000068 000047 000016 000007 000081 000010 000004 000052 000067 000009 000027 000039 000079 000054 000095 000048 000005 000061 000025 000031 000044 000050 000060 000003 000049 000042 000028 000055 000069 000038 000022 000011 000086 000021 000002 000063 000033 000071 000072 000064 000084 000085 000066 000080 000078 000059 000097 000024 000089 000041 000076 000035 000037 000088 000029 000090 000087 000098 000056 000012 000058 000092 000013 000014 000020 000062 000091 000094 000000 000008 000015 000006 000065 000070 000096 000051
100 : 000075 000095 000032 000044 000062 000042 000002 000026 000088 000084 000014 000052 000067 000057 000011 000045 000005 000007 000041 000098 000038 000063 000028 000034 000054 000019 000031 000096 000072 000049 000009 000097 000064 000046 000087 000061 000048 000069 000099 000016 000078 000065 000003 000053 000079 000013 000082 000029 000093 000086 000022 000008 000018 000090 000020 000051 000001 000015 000030 000006 000000 000077 000058 000055 000039 000091 000043 000035 000085 000047 000074 000024 000023 000004 000066 000089 000068 000012 000059 000021 000083 000025 000050 000040 000076 000092 000081 000070 000033 000080 000056 000037 000027 000060 000017 000071 000036 000073 000010 000094
100 : 000057 000067 000033 000037 000001 000011 000045 000012 000028 000048 000095 000047 000029 000070 000041 000009 000036 000059 000080 000014 000020 000005 000055 000017 000079 000051 000040 000092 000077 000083 000039 000056 000074 000096 000013 000032 000052 000090 000044 000094 000042 000015 000046 000084 000063 000003 000010 000002 000026 000034 000043 000097 000053 000038 000024 000098 000069 000064 000089 000075 000093 000027 000062 000030 000091 000088 000068 000060 000072 000021 000031 000006 000071 000025 000054 000023 000078 000087 000086 000073 000065 000007 000018 000085 000061 000082 000076 000035 000066 000081 000099 000022 000058 000049 000004 000000 000008 000019 000016 000050
100 : 000036 000051 000013 000043 000086 000099 000074 000047 000094 000023 000069 000002 000049 000095 000009 000019 000084 000018 000003 000077 000024 000081 000007 000030 000017 000039 000031 000035 000070 000058 000096 000029 000052 000061 000097 000028 000027 000083 000066 000040 000005 000078 000063 000054 000034 000076 000026 000006 000041 000089 000057 000087 000068 000008 000071 000090 000062 000092 000079 000064 000080 000072 000055 000000 000093 000025 000012 000038 000020 000001 000060 000037 000042 000010 000075 000015 000067 000073 000004 000022 000048 000056 000046 000098 000016 000059 000088 000044 000082 000014 000011 000091 000032 000033 000085 000045 000050 000021 000053 000065
100 : 000058 000005 000041 000082 000072 000025 000092 000053 000010 000031 000068 000012 000095 000018 000059 000084 000006 000097 000030 000096 000007 000079 000002 000098 000029 000024 000049 000085 000037 000054 000011 000004 000036 000091 000086 000088 000094 000040 000016 000017 000057 000015 000090 000044 000033 000093 000038 000043 000069 000047 000000 000066 000089 000051 000014 000067 000019 000076 000023 000039 000008 000073 000042 000032 000013 000009 000020 000052 000003 000071 000028 000078 000060 000083 000099 000065 000048 000087 000001 000027 000055 000074 000046 000061 000062 000034 000070 000063 000081 000022 000056 000050 000075 000045 000077 000064 000080 000021 000035 000026
100 : 000047 000009 000006 000088 000045 000018 000098 000034 000069 000010 000061 000095 000054 000060 000043 000071 000033 000083 000042 000024 000073 000092 000027 000039 000026 000085 000019 000023 000012 000067 000052 000062 000007 000050 000058 000004 000000 000056 000093 000002 000008 000066 000051 000089 000037 000080 000049 000048 000020 000041 000021 000044 000036 000003 000082 000079 000086 000065 000078 000057 000053 000015 000032 000040 000001 000016 000070 000011 000099 000081 000087 000013 000014 000072 000029 000017 000097 000091 000055 000028 000077 000059 000038 000022 000030 000076 000090 000096 000094 000063 000075 000064 000025 000031 000074 000084 000046 000068 000035 000005
100 : 000072 000057 000040 000019 000068 000091 000047 000025 000061 000071 000006 000028 000094 000043 000027 000007 000074 000001 000032 000059 000041 000075 000076 000042 000024 000095 000090 000089 000082 000004 000034 000020 000046 000066 000093 000014 000045 000036 000010 000051 000064 000078 000039 000053 000017 000037 000054 000018 000088 000084 000092 000009 000056 000060 000070 000055 000002 000050 000062 000086 000087 000013 000000 000079 000008 000003 000022 000098 000021 000038 000069 000097 000033 000063 000005 000049 000012 000067 000030 000011 000096 000052 000058 000044 000016 000035 000048 000081 000029 000031 000023 000015 000026 000085 000073 000065 000080 000083 000077 000099
100 : 000076 000060 000016 000043 000051 000092 000006 000042 000070 000048 000001 000027 000029 000064 000011 000019 000033 000098 000063 000081 000084 000065 000018 000071 000032 000025 000088 000062 000091 000003 000034 000077 000094 000008 000002 000024 000039 000057 000035 000056 000047 000044 000052 000069 000058 000000 000075 000021 000004 000067 000049 000012 000055 000099 000020 000053 000031 000080 000041 000089 000096 000046 000028 000054 000093 000083 000014 000036 000023 000066 000015 000013 000095 000005 000078 000072 000068 000074 000097 000059 000045 000086 000040 000073 000030 000017 000038 000079 000087 000022 000090 000061 000082 000009 000085 000050 000010 000026 000037 000007
100 : 000090 000042 000004 000064 000057 000069 000093 000052 000045 000027 000041 000051 000049 000046 000054 000099 000095 000055 000029 000033 000003 000036 000038 000030 000070 000020 000009 000056 000075 000066 000035 000086 000007 000060 000068 000025 000077 000071 000040 000018 000050 000065 000073 000019 000053 000001 000091 000032 000094 000058 000082 000034 000013 000062 000005 000085 000067 000026 000096 000076 000087 000074 000081 000078 000072 000016 000012 000044 000000 000083 000089 000021 000059 000017 000039 000079 000002 000080 000022 000047 000006 000010 000098 000015 000061 000031 000008 000037 000023 000092 000063 000043 000097 000011 000084 000048 000088 000024 000028 000014
100 : 000003 000040 000025 000013 000049 000018 000001 000089 000061 000059 000079 000012 000050 000029 000015 000086 000010 000019 000016 000053 000052 000080 000099 000033 000069 000091 000024 000082 000022 000007 000004 000017 000076 000036 000068 000002 000032 000062 000030 000088 000034 000066 000058 000070 000092 000057 000055 000051 000008 000095 000065 000054 000044 000072 000020 000011 000071 000077 000048 000006 000038 000009 000042 000031 000074 000096 000060 000021 000098 000084 000073 000087 000094 000097 000078 000037 000075 000027 000023 000056 000085 000035 000093 000026 000014 000039 000064 000005 000067 000000 000028 000081 000047 000063 000083 000045 000043 000041 000046 000090
100 : 000051 000069 000076 000086 000058 000072 000028 000012 000096 000007 000043 000095 000025 000019 000083 000030 000098 000020 000037 000039 000005 000026 000063 000036 000024 000031 000097 000046 000056 000066 000034 000004 000080 000073 000064 000071 000044 000017 000088 000059 000003 000040 000002 000010 000015 000087 000084 000033 000067 000055 000065 000081 000001 000042 000094 000077 000027 000052 000057 000099 000022 000006 000021 000074 000089 000013 000014 000049 000045 000092 000078 000068 000009 000070 000018 000079 000032 000075 000053 000011 000060 000023 000008 000029 000091 000062 000054 000048 000093 000038 000035 000041 000061 000090 000085 000000 000016 000047 000082 000050
100 : 000077 000099 000021 000007 000037 000005 000089 000031 000033 000055 000010 000062 000060 000072 000008 000076 000019 000015 000057 000041 000038 000026 000063 000067 000049 000025 000013 000094 000091 000048 000098 000012 000086 000004 000003 000095 000011 000050 000075 000065 000081 000051 000097 000085 000066 000070 000071 000022 000046 000078 000092 000068 000024 000052 000009 000054 000061 000074 000053 000029 000069 000034 000090 000059 000036 000047 000002 000058 000035 000056 000020 000039 000096 000043 000027 000032 000045 000079 000083 000093 000028 000017 000040 000064 000014 000006 000084 000044 000042 000087 000030 000018 000088 000080 000023 000016 000073 000001 000082 000000
100 : 000092 000040 000063 000037 000018 000021 000070 000022 000062 000088 000074 000013 000042 000066 000047 000008 000045 000054 000061 000005 000017 000080 000007 000085 000014 000073 000035 000023 000001 000041 000081 000002 000059 000049 000079 000010 000083 000094 000064 000011 000034 000067 000053 000072 000048 000031 000016 000026 000095 000069 000060 000043 000057 000036 000046 000068 000044 000039 000029 000056 000033 000058 000089 000078 000090 000012 000099 000091 000076 000020 000030 000052 000097 000028 000055 000050 000071 000032 000004 000087 000086 000038 000003 000075 000082 000093 000096 000000 000065 000084 000024 000027 000025 000006 000077 000098 000051 000019 000009 000015
100 : 000088 000030 000091 000002 000010 000043 000021 000071 000096 000084 000090 000054 000000 000008 000003 000067 000057 000011 000033 000076 000038 000058 000053 000099 000060 000049 000006 000094 000013 000050 000031 000023 000052 000086 000081 000042 000001 000034 000046 000097 000061 000082 000036 000022 000032 000039 000018 000014 000025 000066 000017 000064 000004 000026 000040 000005 000028 000069 000073 000074 000092 000019 000035 000027 000098 000075 000083 000087 000029 000059 000065 000062 000055 000056 000015 000077 000041 000045 000070 000044 000093 000089 000079 000047 000048 000051 000068 000012 000063 000078 000095 000072 000024 000085 000037 000080 000016 000020 000009 000007
100 : 000015 000091 000074 000061 000019 000075 000006 000087 000070 000099 000084 000012 000094 000031 000080 000003 000085 000035 000053 000090 000034 000017 000081 000065 000004 000044 000036 000013 000062 000097 000025 000009 000098 000048 000050 000042 000032 000092 000095 000000 000049 000096 000073 000001 000093 000041 000069 000027 000060 000043 000020 000066 000047 000083 000016 000052 000057 000045 000029 000008 000068 000086 000063 000078 000071 000079 000067 000064 000056 000030 000088 000011 000055 000038 000018 000077 000051 000072 000021 000024 000005 000076 000007 000089 000026 000046 000054 000037 000040 000014 000039 000059 000002 000010 000082 000033 000023 000058 000022 000028
100 : 000052 000022 000030 000013 000012 000017 000024 000046 000071 000099 000004 000045 000027 000097 000060 000026 000075 000078 000007 000073 000056 000079 000010 000023 000072 000089 000057 000058 000001 000069 000050 000006 000025 000062 000092 000083 000070 000047 000051 000077 000044 000032 000084 000081 000095 000018 000019 000041 000080 000085 000055 000061 000087 000064 000093 000049 000020 000011 000039 000068 000091 000000 000054 000021 000066 000094 000063 000014 000031 000048 000074 000029 000015 000034 000059 000043 000042 000067 000033 000040 000003 000090 000005 000008 000065 000028 000082 000016 000009 000098 000036 000096 000076 000038 000086 000002 000088 000053 000035 000037
100 : 000063 000036 000025 000085 000006 000093 000027 000054 000071 000038 000080 000021 000019 000020 000047 000070 000052 000039 000081 000086 000031 000005 000056 000009 000003 000072 000078 000037 000023 000046 000082 000028 000074 000094 000029 000090 000068 000099 000017 000033 000084 000091 000042 000059 000057 000015 000065 000096 000050 000032 000011 000012 000049 000060 000010 000002 000018 000007 000087 000024 000000 000076 000083 000034 000088 000001 000073 000097 000089 000041 000095 000055 000062 000058 000022 000026 000004 000077 000044 000043 000098 000053 000092 000035 000075 000051 000008 000079 000067 000013 000014 000066 000064 000069 000030 000040 000061 000016 000048 000045
100 : 000009 000037 000063 000046 000034 000017 000055 000020 000096 000027 000099 000016 000025 000032 000070 000078 000031 000007 000026 000060 000095 000008 000039 000077 000073 000040 000075 000021 000094 000081 000050 000067 000043 000054 000010 000092 000012 000048 000087 000086 000089 000057 000097 000003 000098 000088 000085 000049 000084 000072 000071 000005 000090 000059 000093 000002 000065 000013 000029 000066 000036 000044 000080 000024 000014 000023 000076 000082 000019 000011 000083 000028 000030 000006 000035 000056 000061 000062 000053 000045 000091 000041 000038 000074 000079 000047 000022 000069 000015 000052 000000 000064 000058 000051 000001 000004 000018 000033 000068 000042
100 : 000015 000032 000012 000044 000033 000072 000079 000077 000014 000037 000087 000062 000084 000008 000081 000075 000022 000065 000067 000063 000038 000028 000043 000039 000093 000057 000011 000030 000036 000029 000074 000069 000073 000054 000056 000010 000085 000035 000007 000026 000096 000051 000090 000020 000066 000082 000004 000046 000040 000097 000021 000091 000089 000060 000070 000083 000080 000092 000078 000034 000055 000098 000068 000071 000094 000061 000002 000023 000042 000095 000003 000005 000045 000088 000018 000013 000047 000049 000025 000052 000099 000000 000009 000031 000086 000064 000017 000019 000006 000053 000059 000048 000041 000016 000058 000027 000024 000050 000076 000001
100 : 000091 000051 000047 000066 000056 000022 000077 000070 000099 000040 000046 000045 000072 000064 000015 000037 000058 000053 000009 000085 000020 000027 000034 000052 000075 000081 000074 000010 000049 000057 000025 000024 000033 000054 000050 000028 000008 000017 000097 000076 000001 000002 000093 000083 000005 000078 000090 000021 000084 000000 000032 000014 000041 000069 000048 000007 000067 000088 000062 000006 000012 000073 000042 000080 000082 000092 000098 000063 000029 000065 000039 000096 000016 000059 000031 000094 000030 000095 000038 000036 000079 000061 000089 000044 000018 000068 000060 000011 000043 000071 000003 000019 000013 000055 000087 000026 000004 000086 000035 000023
100 : 000060 000012 000063 000093 000049 000040 000014 000090 000018 000016 000029 000042 000045 000015 000028 000043 000072 000088 000038 000080 000047 000076 000079 000004 000052 000054 000069 000021 000013 000061 000034 000078 000009 000048 000023 000087 000058 000006 000056 000097 000074 000091 000031 000011 000065 000039 000044 000032 000036 000024 000095 000041 000005 000096 000094 000075 000022 000035 000083 000027 000051 000086 000008 000089 000003 000007 000050 000025 000020 000071 000001 000099 000081 000030 000055 000057 000085 000068 000017 000064 000077 000046 000073 000010 000082 000053 000084 000026 000059 000033 000098 000066 000092 000070 000019 000000 000037 000062 000002 000067
100 : 000033 000059 000040 000070 000035 000031 000030 000046 000092 000062 000087 000029 000072 000043 000045 000052 000032 000036 000037 000080 000014 000004 000054 000044 000016 000095 000096 000034 000068 000053 000067 000060 000091 000015 000003 000018 000027 000075 000071 000058 000065 000064 000090 000011 000088 000056 000093 000022 000041 000073 000076 000099 000081 000050 000089 000094 000077 000007 000048 000084 000021 000097 000017 000020 000000 000002 000057 000023 000028 000082 000055 000012 000013 000042 000006 000025 000038 000069 000019 000039 000083 000086 000066 000078 000079 000001 000085 000098 000047 000063 000024 000074 000009 000051 000008 000061 000005 000010 000049 000026
100 : 000046 000023 000063 000064 000098 000017 000040 000033 000004 000065 000003 000060 000027 000042 000084 000085 000083 000014 000093 000015 000088 000013 000024 000099 000031 000045 000061 000070 000074 000047 000068 000006 000000 000009 000081 000095 000054 000026 000079 000028 000091 000037 000005 000001 000057 000036 000052 000011 000016 000021 000073 000035 000058 000055 000034 000041 000039 000008 000025 000078 000020 000080 000029 000069 000056 000038 000030 000051 000002 000067 000050 000077 000094 000043 000048 000053 000062 000071 000096 000010 000066 000097 000007 000090 000018 000032 000059 000092 000087 000076 000019 000044 000089 000082 000086 000049 000012 000072 000022 000075
100 : 000056 000096 000081 000000 000078 000092 000077 000086 000020 000083 000075 000048 000091 000002 000034 000074 000035 000001 000093 000013 000052 000021 000057 000080 000085 000089 000099 000008 000025 000047 000064 000012 000005 000071 000003 000087 000022 000038 000055 000016 000095 000030 000069 000024 000018 000044 000098 000082 000042 000053 000007 000097 000049 000026 000060 000046 000010 000015 000032 000058 000004 000037 000027 000072 000023 000066 000067 000059 000045 000028 000068 000070 000063 000041 000033 000090 000031 000029 000050 000051 000043 000014 000062 000011 000019 000036 000009 000076 000079 000065 000088 000073 000017 000084 000054 000061 000006 000040 000094 000039
100 : 000079 000093 000066 000072 000081 000012 000090 000075 000016 000042 000043 000005 000076 000021 000063 000083 000097 000055 000008 000049 000080 000052 000085 000046 000027 000051 000060 000071 000035 000074 000073 000077 000010 000086 000099 000065 000026 000033 000059 000070 000037 000004 000014 000030 000045 000087 000068 000018 000001 000048 000084 000050 000040 000078 000032 000006 000069 000038 000061 000096 000000 000092 000053 000017 000028 000088 000022 000034 000067 000062 000013 000020 000019 000025 000047 000082 000064 000091 000015 000057 000094 000041 000007 000024 000095 000009 000056 000036 000039 000054 000058 000029 000098 000044 000003 000031 000002 000023 000011 000089
100 : 000036 000011 000031 000003 000010 000053 000086 000030 000062 000097 000037 000082 000016 000048 000091 000006 000068 000009 000060 000041 000045 000001 000046 000035 000074 000028 000007 000050 000033 000029 000056 000098 000032 000071 000059 000096 000054 000094 000014 000004 000079 000013 000099 000021 000018 000040 000015 000070 000055 000034 000027 000024 000025 000095 000089 000020 000057 000076 000008 000019 000078 000069 000073 000092 000022 000005 000038 000087 000080 000083 000047 000043 000077 000066 000002 000051 000063 000012 000085 000039 000042 000090 000049 000067 000088 000017 000081 000061 000064 000026 000058 000000 000084 000052 000075 000093 000065 000044 000072 000023
100 : 000035 000031 000096 000056 000027 000059 000074 000080 000071 000010 000032 000079 000060 000026 000036 000067 000003 000081 000024 000086 000001 000028 000002 000015 000090 000076 000023 000049 000062 000033 000089 000005 000029 000021 000016 000065 000050 000047 000014 000069 000082 000019 000000 000037 000020 000055 000091 000092 000004 000072 000087 000052 000097 000048 000064 000077 000093 000083 000095 000051 000075 000039 000046 000070 000042 000011 000088 000008 000045 000044 000038 000022 000053 000012 000078 000007 000084 000063 000017 000040 000098 000009 000057 000054 000043 000025 000013 000099 000018 000058 000073 000085 000006 000034 000094 000068 000030 000041 000061 000066
100 : 000097 000019 000026 000091 000048 000077 000054 000051 000050 000055 000058 000067 000025 000034 000069 000086 000059 000087 000045 000016 000073 000085 000017 000002 000065 000038 000083 000063 000082 000005 000009 000022 000000 000057 000047 000064 000023 000093 000092 000018 000012 000010 000053 000061 000001 000021 000039 000052 000037 000072 000094 000068 000078 000007 000029 000071 000011 000056 000013 000004 000074 000081 000096 000046 000042 000043 000032 000066 000036 000079 000041 000076 000095 000090 000044 000027 000003 000060 000080 000084 000098 000035 000008 000033 000030 000088 000040 000070 000075 000028 000049 000089 000014 000062 000020 000024 000006 000099 000015 000031
100 : 000079 000096 000005 000024 000004 000083 000038 000057 000035 000022 000091 000019 000050 000067 000054 000093 000092 000002 000009 000065 000043 000011 000073 000032 000066 000072 000034 000042 000084 000048 000099 000046 000098 000014 000080 000051 000003 000076 000033 000040 000052 000031 000082 000064 000055 000060 000044 000017 000001 000028 000036 000071 000030 000029 000070 000023 000061 000027 000010 000090 000062 000012 000081 000097 000063 000056 000018 000026 000049 000008 000068 000053 000078 000015 000085 000075 000087 000006 000089 000016 000047 000045 000039 000013 000025 000041 000007 000069 000074 000058 000037 000095 000020 000088 000059 000094 000086 000077 000021 000000
100 : 000044 000050 000081 000041 000060 000032 000011 000086 000009 000080 000065 000027 000083 000022 000015 000037 000038 000099 000056 000012 000017 000034 000057 000026 000010 000035 000058 000021 000000 000036 000059 000045 000051 000023 000074 000085 000098 000031 000007 000079 000024 000001 000091 000040 000090 000008 000025 000048 000064 000046 000053 000066 000014 000039 000077 000047 000072 000004 000029 000005 000089 000049 000055 000028 000068 000078 000062 000095 000088 000013 000061 000070 000096 000018 000093 000084 000073 000002 000030 000063 000019 000042 000033 000043 000071 000006 000076 000075 000082 000052 000054 000003 000087 000092 000097 000069 000020 000094 000067 000016
100 : 000000 000028 000020 000056 000069 000053 000016 000025 000090 000042 000003 000040 000018 000033 000089 000087 000044 000097 000038 000004 000035 000009 000073 000058 000067 000001 000071 000059 000013 000062 000075 000043 000078 000015 000083 000014 000065 000029 000047 000010 000080 000068 000074 000054 000055 000079 000030 000057 000060 000070 000094 000027 000096 000049 000019 000007 000084 000048 000039 000005 000093 000050 000023 000034 000088 000081 000072 000017 000099 000006 000092 000063 000051 000011 000002 000046 000031 000026 000098 000012 000091 000082 000077 000066 000036 000076 000041 000064 000061 000085 000032 000008 000037 000052 000021 000086 000045 000095 000022 000024
100 : 000042 000004 000077 000060 000095 000031 000028 000091 000019 000005 000003 000080 000037 000084 000045 000014 000096 000020 000040 000062 000029 000073 000046 000067 000075 000000 000074 000034 000010 000011 000065 000090 000082 000072 000093 000069 000025 000088 000022 000059 000086 000041 000076 000068 000013 000002 000066 000057 000049 000036 000083 000098 000018 000089 000056 000092 000053 000079 000064 000094 000097 000048 000081 000078 000087 000061 000085 000099 000043 000052 000054 000023 000063 000044 000050 000032 000017 000070 000047 000009 000058 000021 000051 000038 000012 000001 000035 000006 000039 000015 000026 000055 000007 000008 000030 000027 000071 000033 000016 000024
100 : 000014 000041 000071 000022 000073 000038 000040 000099 000004 000029 000042 000007 000051 000078 000037 000059 000013 000064 000011 000026 000023 000032 000098 000066 000039 000087 000085 000088 000091 000079 000061 000074 000045 000008 000089 000069 000076 000005 000081 000077 000070 000057 000030 000043 000021 000025 000072 000050 000020 000036 000018 000019 000034 000058 000096 000063 000060 000062 000035 000006 000044 000001 000056 000052 000090 000094 000048 000049 000093 000010 000033 000075 000097 000046 000003 000028 000054 000080 000068 000009 000084 000086 000047 000024 000000 000055 000053 000031 000065 000027 000017 000092 000082 000083 000015 000012 000067 000002 000016 000095
100 : 000051 000089 000072 000081 000079 000020 000088 000070 000064 000006 000052 000001 000032 000085 000053 000080 000084 000022 000077 000025 000045 000075 000028 000024 000071 000055 000076 000016 000097 000083 000034 000026 000036 000063 000058 000011 000069 000082 000073 000096 000098 000047 000021 000031 000002 000091 000061 000012 000087 000066 000040 000092 000005 000041 000037 000000 000049 000039 000027 000068 000033 000090 000050 000044 000074 000056 000093 000043 000078 000038 000008 000046 000095 000048 000014 000059 000067 000042 000019 000060 000062 000004 000003 000086 000094 000015 000018 000057 000030 000065 000017 000013 000054 000099 000035 000009 000029 000007 000010 000023
100 : 000090 000081 000006 000042 000041 000002 000021 000094 000089 000083 000024 000066 000093 000077 000020 000027 000049 000062 000065 000071 000038 000046 000098 000053 000068 000000 000019 000069 000043 000058 000023 000072 000037 000086 000007 000010 000074 000034 000079 000022 000080 000052 000030 000040 000084 000078 000075 000009 000032 000096 000008 000091 000035 000039 000018 000044 000088 000026 000013 000067 000087 000055 000011 000048 000029 000047 000082 000005 000025 000028 000056 000031 000014 000051 000064 000099 000016 000073 000057 000054 000092 000097 000033 000036 000004 000001 000050 000045 000063 000003 000085 000012 000060 000061 000017 000070 000059 000095 000076 000015
100 : 000084 000095 000022 000099 000091 000098 000014 000062 000012 000053 000003 000059 000052 000079 000092 000043 000032 000019 000080 000013 000063 000081 000025 000018 000055 000009 000000 000042 000088 000068 000046 000069 000087 000071 000076 000037 000064 000073 000075 000015 000038 000083 000054 000086 000027 000021 000006 000028 000011 000004 000066 000056 000061 000035 000070 000077 000026 000090 000030 000074 000094 000078 000020 000067 000029 000044 000033 000058 000065 000023 000041 000005 000007 000093 000050 000072 000031 000008 000048 000002 000097 000060 000036 000089 000010 000085 000047 000096 000001 000057 000034 000040 000082 000039 000016 000017 000049 000045 000024 000051
100 : 000052 000035 000029 000063 000033 000018 000019 000003 000020 000017 000070 000042 000034 000056 000071 000055 000023 000075 000000 000032 000010 000065 000096 000036 000080 000093 000013 000021 000039 000016 000077 000015 000078 000076 000025 000049 000062 000009 000041 000046 000079 000043 000012 000061 000022 000067 000091 000060 000086 000001 000069 000047 000066 000089 000028 000081 000098 000024 000082 000002 000084 000031 000048 000004 000037 000050 000006 000088 000097 000027 000054 000051 000038 000057 000044 000074 000087 000095 000072 000005 000099 000040 000058 000064 000073 000007 000068 000045 000008 000083 000011 000030 000014 000094 000053 000092 000085 000059 000090 000026
100 : 000046 000014 000020 000070 000059 000002 000097 000085 000001 000003 000074 000000 000039 000047 000011 000086 000016 000045 000087 000023 000013 000091 000090 000012 000005 000096 000053 000092 000076 000018 000036 000061 000021 000042 000032 000082 000079 000052 000067 000004 000095 000025 000072 000084 000088 000063 000030 000050 000028 000062 000015 000040 000027 000058 000077 000080 000038 000094 000017 000034 000099 000008 000048 000066 000043 000093 000068 000056 000069 000041 000089 000044 000009 000065 000060 000078 000098 000057 000031 000029 000010 000049 000083 000051 000007 000006 000033 000026 000024 000071 000055 000064 000081 000037 000075 000054 000073 000019 000035 000022
100 : 000055 000093 000024 000043 000030 000064 000067 000045 000032 000096 000019 000095 000031 000000 000017 000086 000057 000007 000070 000018 000044 000053 000056 000076 000087 000071 000080 000078 000077 000060 000092 000066 000020 000027 000034 000062 000003 000026 000021 000023 000037 000099 000075 000016 000042 000072 000005 000009 000061 000008 000040 000091 000097 000041 000022 000010 000069 000036 000074 000038 000098 000085 000089 000049 000004 000028 000050 000011 000065 000015 000046 000006 000001 000088 000073 000094 000058 000054 000014 000083 000052 000079 000081 000068 000047 000090 000059 000002 000029 000051 000035 000063 000025 000012 000084 000039 000013 000082 000033 000048
100 : 000024 000013 000062 000064 000076 000051 000028 000029 000079 000022 000011 000099 000089 000036 000080 000093 000071 000095 000077 000015 000034 000043 000000 000081 000018 000009 000061 000096 000010 000044 000007 000008 000053 000092 000005 000001 000086 000057 000030 000083 000038 000031 000016 000082 000004 000068 000027 000032 000078 000014 000047 000066 000042 000088 000003 000046 000065 000023 000094 000055 000017 000049 000067 000073 000060 000075 000037 000040 000026 000002 000087 000084 000056 000033 000045 000012 000091 000063 000098 000085 000052 000074 000020 000039 000041 000019 000070 000090 000072 000021 000069 000035 000050 000006 000097 000058 000025 000054 000059 000048
100 : 000058 000018 000032 000025 000033 000009 000019 000075 000043 000063 000023 000044 000054 000037 000073 000029 000080 000076 000065 000034 000026 000098 000077 000095 000078 000006 000035 000067 000050 000047 000042 000030 000000 000003 000081 000039 000053 000090 000082 000074 000056 000083 000036 000069 000099 000079 000040 000068 000097 000096 000093 000001 000005 000024 000060 000021 000046 000041 000049 000087 000092 000055 000089 000072 000031 000016 000085 000064 000071 000007 000022 000066 000084 000002 000045 000062 000038 000088 000015 000070 000048 000017 000013 000028 000086 000010 000004 000094 000012 000061 000052 000057 000091 000051 000059 000008 000020 000011 000014 000027
100 : 000092 000064 000097 000087 000028 000008 000013 000034 000080 000025 000038 000090 000073 000081 000078 000076 000065 000031 000089 000045 000088 000049 000044 000027 000024 000098 000030 000069 000012 000036 000059 000039 000005 000040 000074 000043 000053 000070 000002 000004 000050 000015 000096 000075 000054 000060 000051 000055 000046 000077 000023 000003 000006 000029 000066 000001 000071 000068 000026 000010 000037 000095 000083 000082 000067 000057 000011 000033 000072 000032 000061 000084 000052 000014 000020 000042 000058 000085 000007 000022 000086 000009 000018 000035 000094 000047 000056 000062 000041 000019 000079 000063 000093 000016 000091 000099 000000 000048 000017 000021
100 : 000029 000075 000099 000076 000060 000050 000077 000003 000030 000063 000058 000047 000091 000001 000090 000006 000055 000016 000095 000035 000092 000046 000097 000012 000051 000031 000065 000008 000089 000011 000088 000042 000014 000066 000056 000079 000024 000098 000038 000072 000052 000039 000027 000045 000083 000048 000064 000015 000013 000067 000069 000026 000028 000032 000018 000074 000084 000053 000019 000033 000073 000087 000036 000020 000085 000096 000010 000093 000025 000081 000037 000078 000009 000007 000041 000044 000070 000061 000082 000068 000000 000086 000057 000017 000002 000059 000049 000021 000034 000043 000022 000080 000094 000004 000071 000054 000040 000062 000023 000005
100 : 000067 000037 000013 000094 000086 000007 000061 000087 000009 000070 000002 000057 000029 000074 000030 000049 000025 000045 000071 000083 000048 000064 000032 000006 000080 000097 000021 000090 000008 000018 000047 000046 000065 000038 000093 000004 000089 000058 000050 000020 000077 000026 000095 000027 000043 000035 000014 000015 000005 000054 000041 000022 000051 000040 000092 000019 000096 000055 000066 000042 000001 000053 000075 000044 000069 000039 000099 000063 000062 000023 000017 000082 000091 000003 000060 000028 000078 000076 000034 000068 000084 000012 000031 000052 000016 000033 000085 000079 000098 000036 000011 000010 000056 000073 000088 000059 000000 000081 000072 000024
100 : 000041 000080 000058 000062 000075 000039 000082 000044 000016 000070 000064 000006 000031 000010 000068 000013 000018 000061 000059 000036 000019 000022 000077 000046 000002 000025 000097 000084 000091 000066 000043 000045 000055 000054 000051 000083 000056 000072 000089 000074 000094 000000 000030 000009 000007 000076 000052 000028 000050 000047 000095 000049 000034 000035 000027 000065 000073 000093 000090 000001 000078 000037 000096 000048 000053 000088 000067 000060 000071 000087 000042 000020 000085 000063 000011 000092 000021 000017 000098 000099 000026 000069 000040 000012 000079 000023 000005 000057 000081 000003 000038 000015 000004 000014 000033 000029 000008 000032 000086 000024
100 : 000088 000013 000072 000097 000005 000046 000089 000021 000039 000052 000041 000078 000051 000076 000038 000073 000054 000081 000009 000062 000074 000075 000059 000080 000007 000030 000019 000091 000023 000044 000043 000098 000056 000020 000004 000033 000086 000067 000000 000083 000016 000087 000070 000066 000094 000018 000028 000010 000029 000017 000058 000014 000011 000055 000026 000077 000024 000085 000095 000082 000090 000035 000060 000048 000002 000096 000006 000065 000008 000042 000045 000012 000001 000053 000031 000079 000032 000022 000093 000071 000050 000049 000034 000063 000092 000037 000027 000015 000069 000003 000061 000036 000047 000057 000040 000099 000068 000064 000025 000084
100 : 000070 000094 000085 000051 000038 000016 000033 000064 000030 000072 000083 000003 000036 000041 000071 000090 000029 000042 000097 000084 000055 000000 000043 000096 000089 000054 000080 000075 000060 000074 000006 000059 000044 000020 000048 000008 000002 000009 000088 000017 000062 000049 000037 000098 000078 000046 000065 000027 000086 000023 000013 000005 000035 000024 000093 000087 000092 000014 000066 000079 000012 000099 000073 000039 000061 000082 000095 000067 000053 000031 000040 000069 000010 000056 000011 000032 000018 000077 000063 000057 000028 000091 000007 000022 000021 000025 000050 000058 000015 000034 000068 000001 000047 000026 000019 000076 000045 000081 000004 000052
100 : 000005 000067 000038 000097 000027 000092 000051 000002 000088 000008 000030 000003 000009 000022 000075 000014 000087 000036 000029 000080 000089 000015 000062 000035 000025 000013 000090 000068 000011 000048 000017 000095 000060 000085 000054 000094 000093 000004 000058 000077 000037 000001 000042 000018 000028 000061 000044 000041 000010 000076 000091 000056 000084 000045 000046 000078 000026 000070 000074 000098 000071 000049 000063 000066 000007 000079 000034 000047 000016 000081 000053 000069 000096 000099 000050 000043 000055 000031 000033 000082 000059 000072 000040 000086 000023 000057 000020 000039 000021 000000 000024 000032 000073 000065 000083 000052 000012 000019 000006 000064
100 : 000078 000023 000095 000041 000083 000050 000056 000028 000045 000036 000033 000031 000002 000092 000012 000013 000027 000039 000071 000072 000097 000088 000075 000067 000044 000024 000029 000005 000074 000008 000047 000085 000049 000015 000087 000089 000034 000054 000062 000032 000057 000058 000018 000043 000030 000035 000040 000081 000020 000009 000073 000096 000094 000046 000021 000055 000084 000070 000091 000066 000052 000026 000098 000017 000063 000061 000000 000064 000007 000082 000086 000077 000004 000010 000037 000069 000003 000065 000093 000006 000016 000001 000051 000080 000053 000059 000099 000022 000079 000060 000076 000014 000090 000019 000025 000042 000011 000038 000048 000068
100 : 000083 000012 000009 000040 000061 000036 000062 000099 000018 000060 000086 000079 000005 000046 000026 000071 000091 000047 000051 000089 000066 000092 000054 000022 000056 000093 000098 000087 000001 000053 000045 000032 000095 000069 000090 000067 000049 000017 000065 000077 000030 000084 000031 000058 000052 000013 000057 000094 000039 000020 000008 000038 000044 000075 000003 000055 000085 000023 000000 000041 000025 000068 000035 000015 000050 000010 000016 000076 000072 000073 000042 000078 000043 000021 000019 000004 000028 000081 000064 000024 000063 000097 000011 000048 000029 000006 000082 000002 000034 000074 000096 000088 000070 000037 000007 000080 000059 000033 000014 000027
100 : 000018 000086 000087 000078 000024 000074 000015 000091 000022 000059 000041 000044 000030 000020 000053 000092 000019 000025 000017 000079 000042 000003 000083 000064 000051 000071 000037 000040 000077 000029 000088 000094 000068 000004 000096 000070 000093 000099 000048 000033 000084 000050 000058 000031 000057 000063 000000 000052 000081 000090 000021 000060 000008 000056 000054 000006 000045 000005 000049 000047 000043 000075 000001 000085 000038 000073 000002 000007 000023 000013 000039 000098 000016 000061 000076 000089 000032 000034 000062 000028 000026 000055 000010 000014 000012 000046 000066 000009 000035 000027 000065 000069 000011 000097 000067 000036 000080 000082 000072 000095
100 : 000067 000009 000015 000001 000049 000047 000097 000043 000056 000092 000081 000026 000078 000088 000013 000048 000087 000033 000042 000053 000027 000011 000094 000074 000035 000052 000036 000072 000040 000046 000090 000017 000069 000089 000068 000095 000061 000012 000082 000030 000071 000019 000073 000051 000034 000018 000099 000060 000037 000083 000085 000080 000023 000024 000096 000025 000086 000098 000020 000063 000084 000008 000093 000062 000041 000005 000059 000016 000032 000021 000006 000066 000029 000044 000057 000007 000077 000050 000010 000055 000002 000000 000031 000004 000038 000070 000054 000058 000075 000014 000065 000076 000022 000045 000091 000064 000003 000028 000079 000039
100 : 000091 000005 000040 000054 000045 000098 000070 000092 000090 000088 000035 000052 000018 000034 000022 000006 000020 000056 000001 000074 000008 000012 000058 000003 000099 000019 000024 000017 000068 000087 000032 000021 000015 000039 000044 000093 000076 000011 000062 000028 000089 000030 000038 000078 000059 000014 000009 000081 000066 000067 000043 000004 000095 000047 000046 000065 000077 000079 000053 000063 000080 000031 000064 000037 000055 000048 000086 000084 000085 000082 000097 000000 000061 000027 000026 000023 000071 000010 000057 000033 000049 000094 000083 000042 000002 000016 000096 000025 000051 000069 000060 000013 000072 000007 000041 000075 000073 000029 000050 000036
100 : 000038 000037 000092 000018 000015 000011 000026 000067 000065 000098 000091 000089 000058 000062 000010 000076 000001 000031 000056 000049 000090 000027 000082 000024 000097 000077 000003 000021 000035 000081 000059 000016 000096 000033 000029 000017 000055 000007 000080 000014 000030 000070 000085 000047 000079 000073 000095 000066 000043 000094 000023 000063 000061 000054 000004 000078 000086 000093 000034 000075 000009 000072 000013 000036 000028 000039 000019 000064 000045 000048 000099 000012 000088 000060 000050 000006 000052 000051 000053 000042 000087 000069 000022 000068 000008 000005 000057 000071 000083 000040 000084 000041 000025 000000 000044 000074 000002 000046 000020 000032
100 : 000081 000057 000065 000066 000015 000076 000056 000047 000033 000034 000074 000058 000048 000044 000059 000035 000021 000075 000016 000091 000082 000095 000014 000094 000069 000028 000009 000042 000010 000052 000070 000000 000071 000060 000020 000024 000096 000051 000097 000023 000085 000050 000072 000030 000098 000013 000039 000026 000083 000025 000040 000078 000092 000046 000027 000004 000019 000067 000017 000084 000012 000002 000041 000011 000061 000006 000099 000073 000038 000037 000093 000036 000043 000007 000086 000008 000018 000031 000001 000079 000063 000045 000049 000090 000005 000062 000054 000080 000087 000088 000029 000055 000077 000003 000032 000053 000064 000068 000089 000022
100 : 000048 000084 000058 000006 000021 000075 000068 000028 000049 000024 000081 000052 000090 000033 000022 000054 000005 000003 000037 000029 000023 000014 000072 000086 000093 000078 000025 000047 000088 000030 000070 000091 000019 000063 000011 000097 000055 000099 000064 000080 000042 000061 000089 000038 000082 000007 000034 000036 000076 000035 000067 000016 000031 000057 000041 000013 000008 000059 000065 000087 000032 000045 000046 000050 000085 000077 000095 000098 000096 000040 000004 000000 000009 000066 000012 000073 000074 000083 000094 000060 000056 000039 000018 000053 000044 000051 000062 000001 000071 000027 000002 000026 000079 000020 000017 000015 000069 000043 000092 000010
100 : 000078 000023 000032 000081 000096 000094 000099 000025 000058 000004 000086 000033 000067 000057 000047 000019 000091 000035 000079 000090 000013 000085 000039 000084 000076 000022 000089 000074 000028 000046 000038 000054 000034 000083 000087 000063 000001 000030 000014 000095 000024 000082 000048 000017 000000 000020 000080 000093 000068 000005 000061 000042 000052 000059 000065 000018 000031 000044 000040 000027 000011 000045 000008 000098 000075 000072 000066 000064 000097 000002 000050 000060 000016 000010 000007 000071 000015 000006 000088 000021 000003 000012 000092 000056 000070 000037 000055 000062 000077 000043 000073 000053 000051 000009 000026 000036 000069 000049 000029 000041
100 : 000096 000018 000091 000068 000006 000084 000019 000002 000097 000089 000035 000090 000046 000009 000058 000043 000077 000056 000073 000048 000066 000001 000003 000051 000022 000063 000074 000075 000069 000023 000013 000032 000072 000047 000053 000028 000014 000034 000039 000033 000015 000036 000060 000078 000017 000004 000057 000016 000088 000061 000007 000064 000021 000010 000025 000085 000045 000093 000087 000012 000080 000081 000011 000055 000076 000070 000092 000059 000050 000052 000079 000031 000099 000026 000030 000082 000020 000067 000027 000086 000040 000083 000098 000037 000038 000049 000062 000024 000054 000041 000065 000000 000042 000029 000044 000071 000095 000008 000094 000005